1	 251	 1
-5.2044e-01
-7.0633e-01
-6.4093e-01
-8.7611e-01
-7.4148e-01
-8.3483e-01
-6.2318e-01
-5.4253e-01
-4.8592e-01
-4.7262e-01
-3.9091e-01
-3.6712e-01
-3.5422e-01
-3.5169e-01
-4.1987e-01
-4.4941e-01
-4.2612e-01
-5.3640e-02
-1.3350e-02
-4.1248e-01
-2.4694e-01
-2.1234e-01
-1.2432e-01
-9.7050e-02
-6.4064e-01
-7.2507e-01
-5.8828e-01
-8.3977e-01
-7.8871e-01
-5.5415e-01
-4.9367e-01
-7.2031e-01
-1.8605e-01
-1.8144e-01
-2.3988e-01
-2.3136e-01
-1.6110e-02
-9.4100e-03
-3.6619e-01
-3.6620e-02
-7.5958e-01
-5.5835e-01
-5.7309e-01
-5.8818e-01
-5.5806e-01
-8.6366e-01
-7.4926e-01
-5.3524e-01
-5.8730e-02
8.1300e-03
-1.4365e-01
-3.8979e-01
-2.2929e-01
-2.6517e-01
-2.8494e-01
-3.7809e-01
-3.5066e-01
-8.1394e-01
-6.4063e-01
-7.9323e-01
-4.8118e-01
-8.0520e-01
-7.7326e-01
-5.6965e-01
-1.2906e+00
-1.3492e+00
-1.3859e+00
-1.3728e+00
-1.3201e+00
-1.5105e+00
-1.7963e+00
-1.6811e+00
-1.2542e+00
-1.2673e+00
-1.2051e+00
-9.9111e-01
-1.1512e+00
-9.5522e-01
-1.1667e+00
-1.1820e+00
-1.1694e+00
-1.3884e+00
-1.2575e+00
-9.2543e-01
-1.4742e+00
-1.3498e+00
-1.1809e+00
-9.6591e-01
-1.5752e+00
-1.0980e+00
-1.5904e+00
-1.7106e+00
-9.4555e-01
-1.7470e+00
-1.4194e+00
-1.7998e+00
-1.7317e+00
-1.3280e+00
-1.6435e+00
-1.3885e+00
-1.5277e+00
-1.6161e+00
-1.7246e+00
-1.5009e+00
-9.0555e-01
-1.0990e+00
-1.0156e+00
-1.1976e+00
-1.0339e+00
-1.1167e+00
-9.5047e-01
-1.0987e+00
-1.1868e+00
-1.2470e+00
-1.2190e+00
-1.3749e+00
-1.5596e+00
-1.0208e+00
-1.1530e+00
-9.0130e-01
-1.6378e-01
8.2200e-03
6.0600e-03
-1.4887e-01
-4.5000e-04
-2.8570e-02
-3.1949e-01
-3.4174e-01
1.3125e+00
1.3378e+00
1.3949e+00
1.4407e+00
1.4408e+00
1.3952e+00
1.3381e+00
1.5651e+00
1.8602e+00
1.7837e+00
1.8518e+00
1.8538e+00
1.6167e+00
1.6181e+00
1.6641e+00
1.6223e+00
1.0480e+00
1.3997e+00
1.0392e+00
1.1363e+00
9.7745e-01
1.3047e+00
1.2387e+00
1.2194e+00
1.4371e+00
1.2034e+00
1.0392e+00
1.1108e+00
1.0254e+00
1.4512e+00
1.2766e+00
1.1804e+00
9.8530e-01
1.0414e+00
1.0999e+00
1.1600e+00
1.2664e+00
9.8679e-01
1.0891e+00
1.0854e+00
1.5718e+00
1.7522e+00
1.5912e+00
1.3259e+00
1.3466e+00
1.6061e+00
1.4583e+00
1.7316e+00
1.0312e+00
1.6464e+00
1.7754e+00
1.3527e+00
1.2896e+00
1.1708e+00
1.5023e+00
1.3718e+00
7.7073e-01
8.2860e-01
9.2293e-01
8.7329e-01
9.1743e-01
7.7470e-01
8.7488e-01
8.1870e-01
1.0768e-01
2.1781e-01
2.6887e-01
4.6487e-01
4.1914e-01
3.9237e-01
4.1925e-01
5.6360e-02
5.7042e-01
5.2219e-01
5.4749e-01
4.6511e-01
7.6011e-01
5.2199e-01
6.9993e-01
5.9364e-01
2.8841e-01
6.8925e-01
2.1367e-01
4.8841e-01
5.0758e-01
3.5799e-01
8.4620e-02
1.4597e-01
2.9720e-01
2.5405e-01
5.1351e-01
4.0181e-01
1.2850e-01
1.6277e-01
1.0974e-01
5.3398e-01
1.9565e-01
2.9492e-01
1.0380e-01
2.4306e-01
2.4183e-01
2.5278e-01
6.0350e-02
4.6030e-01
8.2091e-01
8.7621e-01
5.5527e-01
9.3694e-01
6.4057e-01
7.2366e-01
6.2127e-01
8.1200e-01
8.3437e-01
8.2100e-01
6.7976e-01
9.4254e-01
5.8328e-01
7.4906e-01
4.2283e-01
6.5651e-01
2.3745e-01
4.0860e-01
7.6030e-02
-4.1468e-01
-3.0063e-01
-8.2050e-02
-2.3701e-01
-3.2956e-01
-2.9919e-01
-1.6358e-01
-2.4753e-01
-7.7340e-02
-2.0360e-02
-1.2342e-01
-2.0660e-02
-7.7690e-02
-2.7389e-01
4.9400e-03
-1.2331e-01
-2.9485e-01
-2.4474e-01
-4.6852e-01
-4.3488e-01
-3.0338e-01
-1.4095e-01
-2.8881e-01
-4.1436e-01
-5.2285e-01
-5.3629e-01
-9.2045e-01
-7.0238e-01
-6.1168e-01
-6.8611e-01
-5.3443e-01
-8.2730e-01
-6.3060e-01
-7.8971e-01
-5.9640e-01
-4.7541e-01
-5.5611e-01
-7.7413e-01
-7.6496e-01
-8.8658e-01
-3.1300e-03
3.9450e-01
9.8120e-02
2.6955e-01
1.1100e-02
1.1426e-01
2.2395e-01
1.8225e-01
2.7570e-02
9.0400e-03
6.9420e-02
1.5738e-01
5.0880e-02
2.7605e-01
2.3549e-01
1.0336e-01
4.9661e-01
3.4027e-01
7.8335e-01
7.8283e-01
7.5675e-01
4.1995e-01
5.4690e-01
5.5742e-01
-1.4000e-04
-3.0000e-05
-4.5860e-02
-1.0289e-01
-1.2839e-01
-1.7463e-01
-9.4700e-02
-1.5152e-01
-4.6010e-02
-1.0299e-01
-3.0460e-01
-3.4650e-01
-3.9280e-01
-1.3587e-01
-2.2137e-01
-1.3344e-01
-6.8067e-01
-6.2016e-01
-8.8010e-01
-4.6312e-01
-3.9980e-01
-2.8083e-01
-5.1775e-01
-6.6975e-01
-7.1741e-01
-9.0660e-01
-4.5448e-01
-5.6506e-01
-9.0558e-01
-8.8039e-01
-8.1970e-01
-3.5599e-01
6.5018e-01
3.1133e-01
2.9032e-01
1.5024e-01
1.7200e-02
1.6496e-01
4.3217e-01
4.7265e-01
1.7634e-01
-4.1100e-02
4.1315e-01
1.2439e-01
1.7748e-01
4.1140e-02
4.8903e-01
4.0040e-01
5.6297e-01
4.1108e-01
2.9243e-01
6.4152e-01
6.6586e-01
7.0436e-01
7.9730e-01
5.7973e-01
5.9366e-01
7.5624e-01
2.4044e-01
3.3053e-01
4.5086e-01
4.4111e-01
6.9605e-01
7.7659e-01
-6.5790e-02
-1.1853e-01
-1.3174e-01
-9.5330e-02
-3.6730e-02
-1.4000e-04
-1.3140e-02
-1.8836e-01
-5.8131e-01
-8.4136e-01
-1.3929e-01
-3.7070e-01
-4.8065e-01
-3.5226e-01
-6.3694e-01
-8.5086e-01
-2.3430e-01
-2.8695e-01
-1.3318e-01
-3.1996e-01
-4.5996e-01
-4.3067e-01
-1.6425e-01
-2.1901e-01
-6.2642e-01
-5.0968e-01
-6.6618e-01
-6.4411e-01
-8.6505e-01
-8.2785e-01
-7.6272e-01
-5.8754e-01
5.8962e-01
8.8720e-02
8.5910e-02
-3.5800e-02
1.2470e-01
2.0502e-01
2.8953e-01
4.1434e-01
4.6383e-01
-5.8210e-02
2.3900e-03
1.5699e-01
4.1045e-01
2.2997e-01
1.4184e-01
2.5713e-01
4.6664e-01
6.5139e-01
5.1695e-01
8.0794e-01
2.9536e-01
6.0678e-01
7.4656e-01
5.7180e-01
-4.1948e-01
-5.9659e-01
-2.0446e-01
-3.3507e-01
-7.4485e-01
-5.4439e-01
-7.1977e-01
-2.1877e-01
-7.2050e-02
-5.4550e-02
-1.3265e-01
-1.3001e-01
-9.3420e-02
-1.8517e-01
-3.4830e-02
-2.9450e-02
-4.2551e-01
-1.1620e-02
-6.4360e-02
1.5900e-03
-2.1596e-01
-1.1702e-01
-9.4250e-02
-2.5485e-01
-5.9408e-01
-7.3683e-01
-7.8164e-01
-7.0195e-01
-9.3809e-01
-8.7671e-01
-6.4720e-01
-7.2902e-01
-3.2940e-01
-3.6022e-01
-5.4060e-01
-2.7189e-01
-3.8748e-01
-4.5835e-01
-2.5465e-01
-2.8704e-01
5.0669e-01
5.8210e-02
6.3736e-01
3.5040e-01
2.2201e-01
1.4629e-01
2.3184e-01
1.5680e-01
3.1300e-03
3.2522e-01
3.0042e-01
7.4410e-02
8.8960e-02
1.8991e-01
3.4200e-02
1.0424e-01
7.3500e-01
5.3623e-01
4.5759e-01
6.1490e-01
6.3267e-01
5.1406e-01
4.9627e-01
3.7953e-01
7.2071e-01
6.9770e-01
7.1111e-01
1.5601e+00
1.5608e+00
1.5600e+00
1.5615e+00
1.5611e+00
1.5615e+00
1.5601e+00
1.5598e+00
1.5592e+00
1.5590e+00
1.5588e+00
1.5584e+00
1.5585e+00
1.5589e+00
1.5587e+00
1.5591e+00
1.5594e+00
1.5573e+00
1.5576e+00
1.5596e+00
1.5585e+00
1.5579e+00
1.5578e+00
1.5579e+00
1.5610e+00
1.5614e+00
1.5616e+00
1.5624e+00
1.5619e+00
1.5609e+00
1.5602e+00
1.5621e+00
1.5589e+00
1.5592e+00
1.5591e+00
1.5588e+00
1.5578e+00
1.5583e+00
1.5601e+00
1.5587e+00
1.5604e+00
1.5585e+00
1.5592e+00
1.5589e+00
1.5594e+00
1.5607e+00
1.5599e+00
1.5589e+00
1.5568e+00
1.5564e+00
1.5571e+00
1.5582e+00
1.5576e+00
1.5573e+00
1.5575e+00
1.5582e+00
1.5572e+00
1.5599e+00
1.5580e+00
1.5588e+00
1.5573e+00
1.5597e+00
1.5593e+00
1.5582e+00
1.5631e+00
1.5634e+00
1.5637e+00
1.5638e+00
1.5636e+00
1.5647e+00
1.5659e+00
1.5655e+00
1.5631e+00
1.5633e+00
1.5634e+00
1.5624e+00
1.5633e+00
1.5617e+00
1.5630e+00
1.5629e+00
1.5640e+00
1.5650e+00
1.5649e+00
1.5623e+00
1.5650e+00
1.5641e+00
1.5637e+00
1.5630e+00
1.5662e+00
1.5642e+00
1.5657e+00
1.5666e+00
1.5634e+00
1.5674e+00
1.5656e+00
1.5665e+00
1.5639e+00
1.5626e+00
1.5643e+00
1.5633e+00
1.5643e+00
1.5644e+00
1.5644e+00
1.5632e+00
1.5608e+00
1.5622e+00
1.5608e+00
1.5624e+00
1.5614e+00
1.5621e+00
1.5603e+00
1.5613e+00
1.5614e+00
1.5620e+00
1.5621e+00
1.5621e+00
1.5630e+00
1.5602e+00
1.5607e+00
1.5598e+00
1.5560e+00
1.5548e+00
1.5559e+00
1.5565e+00
1.5555e+00
1.5557e+00
1.5566e+00
1.5565e+00
1.5499e+00
1.5499e+00
1.5496e+00
1.5493e+00
1.5492e+00
1.5494e+00
1.5497e+00
1.5489e+00
1.5483e+00
1.5492e+00
1.5473e+00
1.5478e+00
1.5493e+00
1.5490e+00
1.5494e+00
1.5501e+00
1.5517e+00
1.5500e+00
1.5515e+00
1.5514e+00
1.5525e+00
1.5508e+00
1.5505e+00
1.5507e+00
1.5505e+00
1.5515e+00
1.5527e+00
1.5522e+00
1.5532e+00
1.5509e+00
1.5517e+00
1.5518e+00
1.5501e+00
1.5510e+00
1.5507e+00
1.5506e+00
1.5497e+00
1.5510e+00
1.5503e+00
1.5500e+00
1.5474e+00
1.5476e+00
1.5483e+00
1.5494e+00
1.5487e+00
1.5478e+00
1.5487e+00
1.5471e+00
1.5502e+00
1.5466e+00
1.5462e+00
1.5478e+00
1.5492e+00
1.5492e+00
1.5471e+00
1.5482e+00
1.5535e+00
1.5536e+00
1.5522e+00
1.5528e+00
1.5535e+00
1.5537e+00
1.5536e+00
1.5528e+00
1.5561e+00
1.5555e+00
1.5554e+00
1.5544e+00
1.5546e+00
1.5549e+00
1.5544e+00
1.5563e+00
1.5545e+00
1.5539e+00
1.5538e+00
1.5541e+00
1.5531e+00
1.5541e+00
1.5531e+00
1.5540e+00
1.5564e+00
1.5546e+00
1.5572e+00
1.5556e+00
1.5560e+00
1.5566e+00
1.5575e+00
1.5574e+00
1.5557e+00
1.5560e+00
1.5551e+00
1.5551e+00
1.5567e+00
1.5567e+00
1.5565e+00
1.5544e+00
1.5544e+00
1.5549e+00
1.5546e+00
1.5545e+00
1.5548e+00
1.5549e+00
1.5557e+00
1.5538e+00
1.5523e+00
1.5513e+00
1.5530e+00
1.5515e+00
1.5530e+00
1.5524e+00
1.5533e+00
1.5521e+00
1.5506e+00
1.5511e+00
1.5520e+00
1.5503e+00
1.5521e+00
1.5515e+00
1.5532e+00
1.5523e+00
1.5537e+00
1.5529e+00
1.5545e+00