-0.520440000000000	-0.414680000000000	1.56011000000000
-0.706330000000000	-0.300630000000000	1.56081000000000
-0.640930000000000	-0.0820500000000000	1.55998000000000
-0.876110000000000	-0.237010000000000	1.56154000000000
-0.741480000000000	-0.329560000000000	1.56105000000000
-0.834830000000000	-0.299190000000000	1.56146000000000
-0.623180000000000	-0.163580000000000	1.56008000000000
-0.542530000000000	-0.247530000000000	1.55985000000000
-0.485920000000000	-0.0773400000000000	1.55918000000000
-0.472620000000000	-0.0203600000000000	1.55898000000000
-0.390910000000000	-0.123420000000000	1.55879000000000
-0.367120000000000	-0.0206600000000000	1.55844000000000
-0.354220000000000	-0.0776900000000000	1.55850000000000
-0.351690000000000	-0.273890000000000	1.55893000000000
-0.419870000000000	0.00494000000000000	1.55866000000000
-0.449410000000000	-0.123310000000000	1.55909000000000
-0.426120000000000	-0.294850000000000	1.55936000000000
-0.0536399999999997	-0.244740000000000	1.55733000000000
-0.0133500000000000	-0.468520000000000	1.55763000000000
-0.412480000000000	-0.434880000000000	1.55960000000000
-0.246940000000000	-0.303380000000000	1.55846000000000
-0.212340000000000	-0.140950000000000	1.55792000000000
-0.124320000000000	-0.288810000000000	1.55780000000000
-0.0970499999999999	-0.414360000000000	1.55794000000000
-0.640640000000000	-0.522850000000000	1.56097000000000
-0.725070000000000	-0.536290000000000	1.56143000000000
-0.588280000000000	-0.920450000000000	1.56159000000000
-0.839770000000000	-0.702380000000000	1.56239000000000
-0.788710000000000	-0.611680000000000	1.56193000000000
-0.554150000000000	-0.686110000000000	1.56089000000000
-0.493670000000000	-0.534430000000000	1.56024000000000
-0.720310000000000	-0.827300000000000	1.56206000000000
-0.186050000000000	-0.630600000000000	1.55888000000000
-0.181440000000000	-0.789710000000000	1.55921000000000
-0.239880000000000	-0.596400000000000	1.55908000000000
-0.231360000000000	-0.475410000000000	1.55876000000000
-0.0161099999999998	-0.556110000000000	1.55784000000000
-0.00940999999999992	-0.774130000000000	1.55829000000000
-0.366190000000000	-0.764960000000000	1.56010000000000
-0.0366200000000001	-0.886580000000000	1.55868000000000
-0.759580000000000	-0.00313000000000000	1.56042000000000
-0.558350000000000	0.394500000000000	1.55850000000000
-0.573090000000000	0.0981200000000000	1.55923000000000
-0.588180000000000	0.269550000000000	1.55893000000000
-0.558060000000000	0.0111000000000000	1.55935000000000
-0.863660000000000	0.114260000000000	1.56069000000000
-0.749260000000000	0.223950000000000	1.55986000000000
-0.535240000000000	0.182250000000000	1.55885000000000
-0.0587299999999997	0.0275700000000000	1.55675000000000
0.00812999999999997	0.00904000000000000	1.55645000000000
-0.143650000000000	0.0694200000000000	1.55709000000000
-0.389790000000000	0.157380000000000	1.55816000000000
-0.229290000000000	0.0508800000000000	1.55758000000000
-0.265170000000000	0.276050000000000	1.55726000000000
-0.284940000000000	0.235490000000000	1.55745000000000
-0.378090000000000	0.103360000000000	1.55822000000000
-0.350660000000000	0.496610000000000	1.55720000000000
-0.813940000000000	0.340270000000000	1.55993000000000
-0.640630000000000	0.783350000000000	1.55805000000000
-0.793230000000000	0.782830000000000	1.55883000000000
-0.481180000000000	0.756750000000000	1.55729000000000
-0.805200000000000	0.419950000000000	1.55971000000000
-0.773260000000000	0.546900000000000	1.55926000000000
-0.569650000000000	0.557420000000000	1.55819000000000
-1.29057000000000	-0.000140000000000000	1.56314000000000
-1.34917000000000	-3.00000000000005e-05	1.56344000000000
-1.38585000000000	-0.0458600000000000	1.56373000000000
-1.37276000000000	-0.102890000000000	1.56379000000000
-1.32011000000000	-0.128390000000000	1.56357000000000
-1.51049000000000	-0.174630000000000	1.56465000000000
-1.79634000000000	-0.0947000000000000	1.56594000000000
-1.68114000000000	-0.151520000000000	1.56548000000000
-1.25415000000000	-0.0460100000000000	1.56305000000000
-1.26726000000000	-0.102990000000000	1.56325000000000
-1.20513000000000	-0.304600000000000	1.56338000000000
-0.991110000000000	-0.346500000000000	1.56237000000000
-1.15120000000000	-0.392800000000000	1.56330000000000
-0.955220000000000	-0.135870000000000	1.56172000000000
-1.16668000000000	-0.221370000000000	1.56299000000000
-1.18202000000000	-0.133440000000000	1.56288000000000
-1.16943000000000	-0.680670000000000	1.56403000000000
-1.38841000000000	-0.620160000000000	1.56502000000000
-1.25750000000000	-0.880100000000000	1.56493000000000
-0.925430000000000	-0.463120000000000	1.56230000000000
-1.47421000000000	-0.399800000000000	1.56497000000000
-1.34979000000000	-0.280830000000000	1.56407000000000
-1.18093000000000	-0.517750000000000	1.56373000000000
-0.965910000000000	-0.669750000000000	1.56297000000000
-1.57519000000000	-0.717410000000000	1.56620000000000
-1.09805000000000	-0.906600000000000	1.56417000000000
-1.59041000000000	-0.454480000000000	1.56569000000000
-1.71061000000000	-0.565060000000000	1.56655000000000
-0.945550000000000	-0.905580000000000	1.56339000000000
-1.74699000000000	-0.880390000000000	1.56744000000000
-1.41938000000000	-0.819700000000000	1.56563000000000
-1.79982000000000	-0.355990000000000	1.56654000000000
-1.73166000000000	0.650180000000000	1.56395000000000
-1.32799000000000	0.311330000000000	1.56263000000000
-1.64353000000000	0.290320000000000	1.56430000000000
-1.38849000000000	0.150240000000000	1.56330000000000
-1.52773000000000	0.0172000000000000	1.56431000000000
-1.61606000000000	0.164960000000000	1.56444000000000
-1.72456000000000	0.432170000000000	1.56440000000000
-1.50089000000000	0.472650000000000	1.56316000000000
-0.905550000000000	0.176340000000000	1.56077000000000
-1.09895000000000	-0.0411000000000000	1.56224000000000
-1.01561000000000	0.413150000000000	1.56080000000000
-1.19764000000000	0.124390000000000	1.56238000000000
-1.03394000000000	0.177480000000000	1.56142000000000
-1.11669000000000	0.0411400000000000	1.56215000000000
-0.950470000000000	0.489030000000000	1.56030000000000
-1.09873000000000	0.400400000000000	1.56126000000000
-1.18683000000000	0.562970000000000	1.56135000000000
-1.24701000000000	0.411080000000000	1.56199000000000
-1.21903000000000	0.292430000000000	1.56211000000000
-1.37488000000000	0.641520000000000	1.56213000000000
-1.55963000000000	0.665860000000000	1.56303000000000
-1.02077000000000	0.704360000000000	1.56018000000000
-1.15299000000000	0.797300000000000	1.56065000000000
-0.901300000000000	0.579730000000000	1.55984000000000
-0.163780000000000	0.593660000000000	1.55603000000000
0.00822000000000012	0.756240000000000	1.55478000000000
0.00606000000000018	0.240440000000000	1.55594000000000
-0.148870000000000	0.330530000000000	1.55654000000000
-0.000449999999999839	0.450860000000000	1.55551000000000
-0.0285699999999998	0.441110000000000	1.55567000000000
-0.319490000000000	0.696050000000000	1.55660000000000
-0.341740000000000	0.776590000000000	1.55653000000000
1.31248000000000	-0.0657900000000000	1.54993000000000
1.33778000000000	-0.118530000000000	1.54991000000000
1.39486000000000	-0.131740000000000	1.54965000000000
1.44072000000000	-0.0953300000000000	1.54933000000000
1.44083000000000	-0.0367300000000000	1.54920000000000
1.39520000000000	-0.000140000000000000	1.54935000000000
1.33808000000000	-0.0131400000000000	1.54968000000000
1.56505000000000	-0.188360000000000	1.54890000000000
1.86022000000000	-0.581310000000000	1.54827000000000
1.78374000000000	-0.841360000000000	1.54924000000000
1.85184000000000	-0.139290000000000	1.54732000000000
1.85381000000000	-0.370700000000000	1.54783000000000
1.61671000000000	-0.480650000000000	1.54929000000000
1.61815000000000	-0.352260000000000	1.54900000000000
1.66412000000000	-0.636940000000000	1.54940000000000
1.62232000000000	-0.850860000000000	1.55009000000000
1.04797000000000	-0.234300000000000	1.55166000000000
1.39967000000000	-0.286950000000000	1.54997000000000
1.03916000000000	-0.133180000000000	1.55148000000000
1.13631000000000	-0.319960000000000	1.55140000000000
0.977450000000000	-0.459960000000000	1.55252000000000
1.30471000000000	-0.430670000000000	1.55078000000000
1.23870000000000	-0.164250000000000	1.55052000000000
1.21940000000000	-0.219010000000000	1.55074000000000
1.43714000000000	-0.626420000000000	1.55054000000000
1.20336000000000	-0.509680000000000	1.55148000000000
1.03917000000000	-0.666180000000000	1.55267000000000
1.11081000000000	-0.644110000000000	1.55225000000000
1.02541000000000	-0.865050000000000	1.55318000000000
1.45117000000000	-0.827850000000000	1.55092000000000
1.27659000000000	-0.762720000000000	1.55167000000000
1.18042000000000	-0.587540000000000	1.55177000000000
0.985300000000000	0.589620000000000	1.55014000000000
1.04137000000000	0.0887200000000000	1.55097000000000
1.09986000000000	0.0859100000000000	1.55068000000000
1.16004000000000	-0.0358000000000000	1.55064000000000
1.26643000000000	0.124700000000000	1.54974000000000
0.986790000000000	0.205020000000000	1.55099000000000
1.08914000000000	0.289530000000000	1.55028000000000
1.08537000000000	0.414340000000000	1.55002000000000
1.57176000000000	0.463830000000000	1.54741000000000
1.75219000000000	-0.0582100000000000	1.54765000000000
1.59120000000000	0.00239000000000000	1.54834000000000
1.32589000000000	0.156990000000000	1.54936000000000
1.34656000000000	0.410450000000000	1.54869000000000
1.60612000000000	0.229970000000000	1.54776000000000
1.45826000000000	0.141840000000000	1.54871000000000
1.73157000000000	0.257130000000000	1.54705000000000
1.03117000000000	0.466640000000000	1.55018000000000
1.64640000000000	0.651390000000000	1.54661000000000
1.77545000000000	0.516950000000000	1.54625000000000
1.35270000000000	0.807940000000000	1.54777000000000
1.28965000000000	0.295360000000000	1.54924000000000
1.17083000000000	0.606780000000000	1.54915000000000
1.50228000000000	0.746560000000000	1.54714000000000
1.37176000000000	0.571800000000000	1.54820000000000
0.770730000000000	-0.419480000000000	1.55350000000000
0.828600000000000	-0.596590000000000	1.55359000000000
0.922930000000000	-0.204460000000000	1.55223000000000
0.873290000000000	-0.335070000000000	1.55278000000000
0.917430000000000	-0.744850000000000	1.55347000000000
0.774700000000000	-0.544390000000000	1.55375000000000
0.874880000000000	-0.719770000000000	1.55363000000000
0.818700000000000	-0.218770000000000	1.55280000000000
0.107680000000000	-0.0720500000000000	1.55612000000000
0.217810000000000	-0.0545500000000000	1.55552000000000
0.268870000000000	-0.132650000000000	1.55543000000000
0.464870000000000	-0.130010000000000	1.55442000000000
0.419140000000000	-0.0934200000000000	1.55457000000000
0.392370000000000	-0.185170000000000	1.55491000000000
0.419250000000000	-0.0348300000000000	1.55444000000000
0.0563600000000002	-0.0294500000000000	1.55629000000000
0.570420000000000	-0.425510000000000	1.55454000000000
0.522190000000000	-0.0116200000000000	1.55386000000000
0.547490000000000	-0.0643600000000000	1.55385000000000
0.465110000000000	0.00159000000000000	1.55412000000000
0.760110000000000	-0.215960000000000	1.55309000000000
0.521990000000000	-0.117020000000000	1.55410000000000
0.699930000000000	-0.0942500000000000	1.55313000000000
0.593640000000000	-0.254850000000000	1.55404000000000
0.288410000000000	-0.594080000000000	1.55636000000000
0.689250000000000	-0.736830000000000	1.55462000000000
0.213670000000000	-0.781640000000000	1.55716000000000
0.488410000000000	-0.701950000000000	1.55557000000000
0.507580000000000	-0.938090000000000	1.55600000000000
0.357990000000000	-0.876710000000000	1.55663000000000
0.0846200000000001	-0.647200000000000	1.55752000000000
0.145970000000000	-0.729020000000000	1.55739000000000
0.297200000000000	-0.329400000000000	1.55572000000000
0.254050000000000	-0.360220000000000	1.55601000000000
0.513510000000000	-0.540600000000000	1.55509000000000
0.401810000000000	-0.271890000000000	1.55506000000000
0.128500000000000	-0.387480000000000	1.55672000000000
0.162770000000000	-0.458350000000000	1.55670000000000
0.109740000000000	-0.254650000000000	1.55652000000000
0.533980000000000	-0.287040000000000	1.55441000000000
0.195650000000000	0.506690000000000	1.55438000000000
0.294920000000000	0.0582100000000000	1.55487000000000
0.103800000000000	0.637360000000000	1.55456000000000
0.243060000000000	0.350400000000000	1.55448000000000
0.241830000000000	0.222010000000000	1.55478000000000
0.252780000000000	0.146290000000000	1.55489000000000
0.0603500000000001	0.231840000000000	1.55569000000000
0.460300000000000	0.156800000000000	1.55380000000000
0.820910000000000	0.00313000000000000	1.55229000000000
0.876210000000000	0.325220000000000	1.55129000000000
0.555270000000000	0.300420000000000	1.55299000000000
0.936940000000000	0.0744100000000000	1.55154000000000
0.640570000000000	0.0889600000000000	1.55303000000000
0.723660000000000	0.189910000000000	1.55238000000000
0.621270000000000	0.0342000000000000	1.55325000000000
0.812000000000000	0.104240000000000	1.55211000000000
0.834370000000000	0.735000000000000	1.55059000000000
0.821000000000000	0.536230000000000	1.55110000000000
0.679760000000000	0.457590000000000	1.55200000000000
0.942540000000000	0.614900000000000	1.55030000000000
0.583280000000000	0.632670000000000	1.55211000000000
0.749060000000000	0.514060000000000	1.55152000000000
0.422830000000000	0.496270000000000	1.55323000000000
0.656510000000000	0.379530000000000	1.55230000000000
0.237450000000000	0.720710000000000	1.55368000000000
0.408600000000000	0.697700000000000	1.55286000000000
0.0760300000000003	0.711110000000000	1.55453000000000